Age 	GR
5412	0.4445
5413	0.4445
5414	0.3387
5415	0.2011
5416	0.4868
5417	0.5927
5418	0.3704
5419	0.1799
5420	0.3281
5421	0.4233
5422	0.5186
5423	0.1376
5424	0.2328
5425	0.2646
5426	0.7091
5427	0.6879
5428	0.4339
5429	0.4551
5430	0.5186
5431	0.5609
5432	0.3069
5433	0.2752
5434	0.2328
5435	0.3387
5436	0.4551
5437	0.5503
5438	0.5186
5439	0.4868
5440	0.5186
5441	0.0953
5442	0.4127
5443	0.1799
5444	0.18
5445	0.7408
5446	0.3704
5447	0.4022
5448	0.3598
5449	0.8784
5450	0.381
5451	0.254
5452	0.4339
5453	0.381
5454	0.3387
5455	0.2963
5456	0.2329
5457	0.6138
5458	0.9631
5459	0.2646
5460	0.3492
5461	0.3069
5462	0.6668
5463	0.5397
5464	0.4022
5465	0.3175
5466	0.254
5467	0.2434
5468	0.1164
5469	0.0953
5470	0.3492
5471	0.5504
5472	0.3281
5473	0.3704
5474	0.455
5475	0.18
5476	0.1905
5477	0.3281
5478	0.508
5479	0.3704
5480	0.1058
5481	0.2963
5482	0.307
5483	0.4868
5484	0.1587
5485	0.6563
5486	0.4974
5487	0.1905
5488	0.381
5489	0.1481
5490	0.2435
5491	0.4656
5492	0.6456
5493	0.5186
5494	0.3492
5495	0.2858
5496	0.3281
5497	0.2116
5498	0.1694
5499	0.9631
5500	0.6667
5501	0.3916
5502	0.5398
5503	0.6773
5504	0.4022
5505	0.3069
5506	0.2646
5507	0.2116
5508	0.4234
5509	0.3069
5510	0.2751
5511	0.4445
5512	0.4234
5513	0.3386
5514	0.3599
5515	0.254
5516	0.2963
5517	0.4233
5518	0.3281
5519	0.0953
5520	0.1481
5521	0.3387
5522	0.2328
5523	0.4128
5524	0.2011
5525	0.3598
5526	0.1693
5527	0.3175
5528	0.381
5529	0.2752
5530	0.5397
5531	0.4128
5532	0.4022
5533	0.1481
5534	0.4022
5535	0.2646
5536	0.2752
5537	0.2963
5538	0.3492
5539	0.4128
5540	0.3598
5541	0.2223
5542	0.201
5543	0.1376
5544	0.3069
5545	0.2223
5546	0.1376
5547	0.1905
5548	0.2117
5549	0.1799
5550	0.4551
5551	0.3492
5552	0.3069
5553	0.1164
5554	0.2964
5555	0.254
5556	0.2857
5557	0.4022
5558	0.4127
5559	0.2435
5560	0.2116
5561	0.3916
5562	0.2858
5563	0.1799
5564	0.201
5565	0.7938
5566	0.4022
5567	0.6244
5568	0.1376
5569	0.6879
5570	0.7091
5571	0.2646
5572	0.7408
5573	0.2857
5574	0.7938
5575	0.381
5576	0.5397
5577	0.635
5578	0.2011
5579	0.8785
5580	0.3598
5581	0.2223
5582	0.1905
5583	0.3598
5584	0.3281
5585	0.254
5586	0.2963
5587	0.2329
5588	0.1481
5589	0.1376
5590	0.2328
5591	0.2858
5592	0.0953
5593	0.4021
5594	0.1694
5595	0.6773
5596	0.1587
5597	0.3281
5598	0.2858
5599	0.2116
5600	0.1164
5601	0.1165
5602	0.1058
5603	0.0847
5604	0.1375
5605	0.18
5606	0.2328
5607	0.3916
5608	0.3387
5609	0.2328
5610	0.5397
5611	0.4551
5612	0.4339
5613	0.3704
5614	0.2223
5615	0.1799
5616	0.2858
5617	0.4762
5618	0.2223
5619	0.8043
5620	0.6138
5621	0.4763
5622	0.2328
5623	0.4128
5624	0.1905
5625	0.4551
5626	0.3809
5627	0.2329
5628	0.3704
5629	0.1587
5630	0.2646
5631	0.7409
5632	0.2222
5633	0.4445
5634	0.2329
5635	0.3386
5636	0.3387
5637	0.4233
5638	0.1905
5639	0.1588
5640	0.2857
5641	0.1799
5642	0.2646
5643	0.3704
5644	0.2964
5645	0.2646
5646	0.4127
5647	0.5715
5648	0.4339
5649	0.381
5650	0.4128
5651	0.4445
5652	0.3598
5653	0.127
5654	0.3175
5655	0.2752
5656	0.1799
5657	0.3386
5658	0.3281
5659	0.2435
5660	0.201
5661	0.4128
5662	0.1905
5663	0.3492
5664	0.2223
5665	0.6879
5666	0.4339
5667	0.3387
5668	0.5186
5669	0.2116
5670	0.2964
5671	0.3704
5672	0.3175
5673	0.4445
5674	0.6138
5675	0.3916
5676	0.2434
5677	0.3387
5678	0.1905
5679	0.2752
5680	0.2116
5681	0.6668
5682	0.4021
5683	0.1694
5684	0.1481
5685	0.5609
5686	0.6033
5687	0.3175
5688	0.1693
5689	0.4551
5690	0.3281
5691	0.5292
5692	0.762
5693	0.127
5694	0.1058
5695	0.3387
5696	0.2751
5697	0.4022
5698	0.2752
5699	0.2751
5700	0.4022
5701	0.3387
5702	0.3492
5703	0.5186
5704	0.2116
5705	0.3387
5706	0.3493
5707	0.2857
5708	0.3493
5709	0.4445
5710	0.3492
5711	0.127
5712	0.2329
5713	0.3386
5714	0.3175
5715	0.1059
5716	0.1693
5717	0.1693
5718	0.1164
5719	0.1905
5720	0.1588
5721	0.5609
5722	0.3387
5723	0.1587
5724	0.5292
5725	0.5927
5726	0.2751
5727	0.1058
5728	0.2541
5729	0.2434
5730	0.1799
5731	0.2011
5732	0.1376
5733	0.1693
5734	0.3175
5735	0.1799
5736	0.3704
5737	0.1376
5738	0.1376
5739	0.254
5740	0.3493
5741	0.2963
5742	0.4974
5743	0.3387
5744	0.2963
5745	0.2752
5746	0.4127
5747	0.508
5748	0.3175
5749	0.2328
5750	0.3916
5751	0.381
5752	0.2117
5753	0.5821
5754	0.3175
5755	0.254
5756	0.6456
5757	0.2328
5758	0.5609
5759	0.7514
5760	0.3387
5761	0.3598
5762	0.3705
5763	0.5714
5764	0.5081
5765	0.5397
5766	0.4233
5767	0.3281
5768	0.3916
5769	0.3175
5770	0.4974
5771	0.3069
5772	0.5609
5773	0.2329
5774	0.2116
5775	0.2117
5776	0.3916
5777	0.7726
5778	0.3916
5779	0.3598
5780	0.3281
5781	0.5397
5782	0.7832
5783	0.6244
5784	0.2646
5785	0.2434
5786	0.2963
5787	0.1588
5788	0.2328
5789	0.4445
5790	0.3493
5791	0.2222
5792	0.1799
5793	0.4128
5794	0.6244
5795	0.4339
5796	0.2858
5797	0.254
5798	0.2857
5799	0.2434
5800	0.2223
5801	0.3069
5802	0.2011
5803	0.1905
5804	0.1693
5805	0.1164
5806	0.2646
5807	0.3175
5808	0.2646
5809	0.2328
5810	0.2858
5811	0.254
5812	0.2752
5813	0.2645
5814	0.3916
5815	0.5504
5816	0.4551
5817	0.3386
5818	0.2434
5819	0.307
5820	0.6455
5821	0.4445
5822	0.3598
5823	0.3387
5824	0.3387
5825	0.4762
5826	0.2646
5827	0.9948
5828	0.4234
5829	0.1164
5830	0.3281
5831	0.3069
5832	0.2011
5833	0.5291
5834	0.3916
5835	0.3598
5836	0.8255
5837	0.4763
5838	0.3281
5839	0.3175
5840	0.5291
5841	0.2858
5842	0.2117
5843	0.5397
5844	0.3281
5845	0.4657
5846	0.6773
5847	0.2858
5848	0.3809
5849	0.2752
5850	0.2858
5851	0.4868
5852	0.1799
5853	0.4763
5854	0.254
5855	0.3175
5856	0.4339
5857	0.4022
5858	0.3598
5859	0.6244
5860	0.4127
5861	0.2329
5862	0.2857
5863	0.3704
5864	0.2964
5865	0.2963
5866	0.3387
5867	0.4656
5868	0.2435
5869	0.3915
5870	0.3705
5871	0.3386
5872	0.3493
5873	0.4868
5874	0.381
5875	0.3175
5876	0.5398
5877	0.254
5878	0.5186
5879	0.3492
5880	0.1693
5881	0.1482
5882	0.1058
5883	0.381
5884	0.3704
5885	0.2858
5886	0.2857
5887	0.4445
5888	0.4234
5889	0.4551
5890	0.328
5891	0.127
5892	0.2964
5893	0.3281
5894	0.381
5895	0.2963
5896	0.381
5897	0.3916
5898	0.4657
5899	0.254
5900	0.4762
5901	0.3281
5902	0.4657
5903	0.5714
5904	0.6668
5905	0.3387
5906	0.2751
5907	0.3493
5908	0.2751
5909	0.3916
5910	0.2752
5911	0.2434
5912	0.2223
5913	0.3916
5914	0.4233
5915	0.5609
5916	0.381
5917	0.1799
5918	0.5292
5919	0.2857
5920	0.4763
5921	0.1905
5922	0.3175
5923	0.4127
5924	0.254
5925	0.2646
5926	0.2646
5927	0.4762
5928	0.6033
5929	0.6562
5930	0.4021
5931	0.7091
5932	0.2117
5933	0.4656
5934	0.3387
5935	0.4128
5936	0.3175
5937	0.3598
5938	0.6033
5939	0.1799
5940	0.1694
5941	0.1164
5942	0.2646
5943	0.3704
5944	0.254
5945	0.2963
5946	0.2435
5947	0.2963
5948	0.4233
5949	0.2011
5950	0.2223
5951	0.1481
5952	0.381
5953	0.254
5954	0.6033
5955	0.5715
5956	0.1693
5957	0.1376
5958	0.1799
5959	0.127
5960	0.2858
5961	0.3069
5962	0.1587
5963	0.2646
5964	0.3916
5965	0.2963
5966	0.3069
5967	0.3387
5968	0.2434
5969	0.4234
5970	0.0846
5971	0.1164
5972	0.2329
5973	0.3704
5974	0.3387
5975	0.2222
5976	0.3492
5977	0.2223
5978	0.254
5979	0.2328
5980	0.3281
5981	0.1376
5982	0.2011
5983	0.2751
5984	0.1694
5985	0.3175
5986	0.3069
5987	0.4233
5988	0.4869
5989	0.2434
5990	0.2963
5991	0.2117
5992	0.2011
5993	0.2222
5994	0.3175
5995	0.6456
5996	0.2752
5997	0.3915
5998	0.4975
5999	0.1481
6000	0.2646
6001	0.5292
6002	0.5397
6003	0.5398
6004	0.4233
6005	0.2964
6006	0.4233
6007	0.1693
6008	0.2646
6009	0.3387
6010	0.1693
6011	0.2963
6012	0.2858
6013	0.4339
6014	0.3175
6015	0.4233
6016	0.2858
6017	0.1693
6018	0.3916
6019	0.254
6020	0.1905
6021	0.1799
6022	0.2752
6023	0.1905
6024	0.3281
6025	0.4127
6026	0.254
6027	0.3599
6028	0.2645
6029	0.2117
6030	0.1482
6031	0.2222
6032	0.1799
6033	0.4128
6034	0.1905
6035	0.127
6036	0.2328
6037	0.3281
6038	0.3704
6039	0.254
6040	0.2011
6041	0.4974
6042	0.1694
6043	0.5503
6044	0.2011
6045	0.3492
6046	0.2752
6047	0.2117
6048	0.2434
6049	0.2963
6050	0.2646
6051	0.2434
6052	0.3599
6053	0.2751
6054	0.4974
6055	0.6033
6056	0.3916
6057	0.2646
6058	0.3175
6059	0.1481
6060	0.3175
6061	0.0953
6062	0.2434
6063	0.2328
6064	0.2329
6065	0.2857
6066	0.254
6067	0.1799
6068	0.3281
6069	0.2117
6070	0.1799
6071	0.3387
6072	0.0952
6073	0.2646
6074	0.7726
6075	0.1799
6076	0.4868
6077	0.2964
6078	0.3175
6079	0.2858
6080	0.2645
6081	0.3281
6082	0.635
6083	0.3175
6084	0.3175
6085	0.254
6086	0.1164
6087	0.2223
6088	0.4445
6089	0.508
6090	0.254
6091	0.1693
6092	0.3069
6093	0.4657
6094	0.2646
6095	0.1905
6096	0.254
6097	0.0952
6098	0.1165
6099	0.2328
6100	0.4339
6101	0.3704
6102	0.2011
6103	0.2223
6104	0.0952
6105	0.508
6106	0.4128
6107	0.254
6108	0.2116
6109	0.2223
6110	0.3175
6111	0.3175
6112	0.381
6113	0.254
6114	0.1799
6115	0.1799
6116	0.1799
6117	0.2117
6118	0.1905
6119	0.3493
6120	0.3704
6121	0.1799
6122	0.1376
6123	0.2116
6124	0.3387
6125	0.2223
6126	0.3175
6127	0.254
6128	0.2857
6129	0.3598
6130	0.1905
6131	0.4022
6132	0.3916
6133	0.28573
6134	0.09525
6135	0.09525
6136	0.21167
6137	0.254
6138	0.09525
6139	0.26458
6140	0.43392
6141	0.34925
6142	0.40217
6143	0.3175
6144	0.13758
6145	0.33867
6146	0.65618
6147	0.7408
6148	0.4657
6149	0.127
6150	0.2434
6151	0.9631
6152	0.127
6153	0.9207
6154	0.5186
6155	0.1693
6156	0.2329
6157	0.8996
6158	0.3069
6159	0.2434
6160	0.254
6161	0.5186
6162	0.6138
6163	0.2011
6164	0.2117
6165	0.2434
6166	0.1058
6167	0.508
6168	0.3493
6169	0.7196
6170	0.4234
6171	0.5609
6172	0.9419
6173	0.4762
6174	0.7409
6175	0.2646
6176	0.254
6177	0.4868
6178	0.3175
6179	0.1588
6180	1.344
6181	0.3705
6182	0.7937
6183	0.2117
6184	0.2857
6185	0.2117
6186	0.254
6187	0.3916
6188	0.4339
6189	0.4127
6190	0.6879
6191	0.3281
6192	0.2329
6193	0.2011
6194	0.6561
6195	0.5927
6196	0.2434
6197	0.3492
6198	0.3916
6199	0.2858
6200	0.2857
6201	0.1588
6202	0.2222
6203	0.381
6204	0.6985
6205	0.2223
6206	0.2011
6207	0.762
6208	0.9525
6209	0.4129
6210	1.7702
6211	0.1908
6212	0.2544
6213	0.3392
	
	
	
	
	
	
	
	
	
	
	
	
	
	
	
	
	
	
	
	
	
	
	
	
	
	
	
	
	
	
	
	
	
	
	
	
	
	
	
	
	
	
	
	
	
	
	
	
	
	
	
	
	
	
	
	
	
	
	
	
	
	
	
	
	
	
	
	
	
	
	
	
	
	
	
	
	
	
	
	
	
	
	
	
	
	
	
	
	
	
	
	
	
	
	
	
	
	
	
	
	
	
	
	
	
	
	
	
	
	
	
	
	
	
	
	
	
	
	
	
	
	
	
	
	
	
	
	
	
	
	
	
	
	
	
	
	
	
	
	
	
	
	
	
	
	
	
	
	
	
	
	
	
	
	
	
	
	
	
	
	
	
	
	
	
	
	
	
	
	
	
	
	
	
	
	
	
	
	
	
	
	
	
	
	
	
	
	
	
	
	
	
	
	
	
	
	
	
	
	
	
	
	
	
	
	
	
	
	
	
	
	
	
	
	
	
